Title                                    Time                     
La_venganza_de_Don_Mendo_es:             0.0011839866638183594    
O_Mysterio_da_Estrada_de_Cintra_pt:      0.003335237503051758     
The_Tragedy_of_Romeo_and_Juliet_en:      0.0011839866638183594    
